CATMULL_ROM
30
30

10.0000 0.00000
9.78148 2.07912
9.13545 4.06737
8.09017 5.87785
6.69131 7.43145
5.00000 8.66025
3.09017 9.51057
1.04528 9.94522
-1.04529 9.94522
-3.09017 9.51056
-5.00000 8.66025
-6.69131 7.43145
-8.09017 5.87785
-9.13546 4.06737
-9.78148 2.07912
-10.0000 0.00000
-9.78148 -2.07912
-9.13545 -4.06737
-8.09017 -5.87785
-6.69131 -7.43145
-5.00000 -8.66025
-3.09017 -9.51057
-1.04528 -9.94522
1.04528 -9.94522
3.09017 -9.51056
5.00000 -8.66025
6.69131 -7.43145
8.09017 -5.87785
9.13546 -4.06737
9.78148 -2.07912
0.05
0.0 1 0 0
0 -22 0

10.0000 0.00000
9.78148 2.07912
9.13545 4.06737
8.09017 5.87785
6.69131 7.43145
5.00000 8.66025
3.09017 9.51057
1.04528 9.94522
-1.04529 9.94522
-3.09017 9.51056
-5.00000 8.66025
-6.69131 7.43145
-8.09017 5.87785
-9.13546 4.06737
-9.78148 2.07912
-10.0000 0.00000
-9.78148 -2.07912
-9.13545 -4.06737
-8.09017 -5.87785
-6.69131 -7.43145
-5.00000 -8.66025
-3.09017 -9.51057
-1.04528 -9.94522
1.04528 -9.94522
3.09017 -9.51056
5.00000 -8.66025
6.69131 -7.43145
8.09017 -5.87785
9.13546 -4.06737
9.78148 -2.07912
0.6
0.0 1 0 0
0 -23 0

10.0000 0.00000
9.78148 2.07912
9.13545 4.06737
8.09017 5.87785
6.69131 7.43145
5.00000 8.66025
3.09017 9.51057
1.04528 9.94522
-1.04529 9.94522
-3.09017 9.51056
-5.00000 8.66025
-6.69131 7.43145
-8.09017 5.87785
-9.13546 4.06737
-9.78148 2.07912
-10.0000 0.00000
-9.78148 -2.07912
-9.13545 -4.06737
-8.09017 -5.87785
-6.69131 -7.43145
-5.00000 -8.66025
-3.09017 -9.51057
-1.04528 -9.94522
1.04528 -9.94522
3.09017 -9.51056
5.00000 -8.66025
6.69131 -7.43145
8.09017 -5.87785
9.13546 -4.06737
9.78148 -2.07912
0.7
0.0 1 0 0
0 -21 0

10.0000 0.00000
9.78148 2.07912
9.13545 4.06737
8.09017 5.87785
6.69131 7.43145
5.00000 8.66025
3.09017 9.51057
1.04528 9.94522
-1.04529 9.94522
-3.09017 9.51056
-5.00000 8.66025
-6.69131 7.43145
-8.09017 5.87785
-9.13546 4.06737
-9.78148 2.07912
-10.0000 0.00000
-9.78148 -2.07912
-9.13545 -4.06737
-8.09017 -5.87785
-6.69131 -7.43145
-5.00000 -8.66025
-3.09017 -9.51057
-1.04528 -9.94522
1.04528 -9.94522
3.09017 -9.51056
5.00000 -8.66025
6.69131 -7.43145
8.09017 -5.87785
9.13546 -4.06737
9.78148 -2.07912
0.7
0.0 1 0 0
0 -19 0

10.0000 0.00000
9.78148 2.07912
9.13545 4.06737
8.09017 5.87785
6.69131 7.43145
5.00000 8.66025
3.09017 9.51057
1.04528 9.94522
-1.04529 9.94522
-3.09017 9.51056
-5.00000 8.66025
-6.69131 7.43145
-8.09017 5.87785
-9.13546 4.06737
-9.78148 2.07912
-10.0000 0.00000
-9.78148 -2.07912
-9.13545 -4.06737
-8.09017 -5.87785
-6.69131 -7.43145
-5.00000 -8.66025
-3.09017 -9.51057
-1.04528 -9.94522
1.04528 -9.94522
3.09017 -9.51056
5.00000 -8.66025
6.69131 -7.43145
8.09017 -5.87785
9.13546 -4.06737
9.78148 -2.07912
0.7
0.0 1 0 0
0 -17 0

10.0000 0.00000
9.78148 2.07912
9.13545 4.06737
8.09017 5.87785
6.69131 7.43145
5.00000 8.66025
3.09017 9.51057
1.04528 9.94522
-1.04529 9.94522
-3.09017 9.51056
-5.00000 8.66025
-6.69131 7.43145
-8.09017 5.87785
-9.13546 4.06737
-9.78148 2.07912
-10.0000 0.00000
-9.78148 -2.07912
-9.13545 -4.06737
-8.09017 -5.87785
-6.69131 -7.43145
-5.00000 -8.66025
-3.09017 -9.51057
-1.04528 -9.94522
1.04528 -9.94522
3.09017 -9.51056
5.00000 -8.66025
6.69131 -7.43145
8.09017 -5.87785
9.13546 -4.06737
9.78148 -2.07912
0.7
0.0 1 0 0
0 -15 0

10.0000 0.00000
9.78148 2.07912
9.13545 4.06737
8.09017 5.87785
6.69131 7.43145
5.00000 8.66025
3.09017 9.51057
1.04528 9.94522
-1.04529 9.94522
-3.09017 9.51056
-5.00000 8.66025
-6.69131 7.43145
-8.09017 5.87785
-9.13546 4.06737
-9.78148 2.07912
-10.0000 0.00000
-9.78148 -2.07912
-9.13545 -4.06737
-8.09017 -5.87785
-6.69131 -7.43145
-5.00000 -8.66025
-3.09017 -9.51057
-1.04528 -9.94522
1.04528 -9.94522
3.09017 -9.51056
5.00000 -8.66025
6.69131 -7.43145
8.09017 -5.87785
9.13546 -4.06737
9.78148 -2.07912
0.7
0.0 1 0 0
0 -13 0

10.0000 0.00000
9.78148 2.07912
9.13545 4.06737
8.09017 5.87785
6.69131 7.43145
5.00000 8.66025
3.09017 9.51057
1.04528 9.94522
-1.04529 9.94522
-3.09017 9.51056
-5.00000 8.66025
-6.69131 7.43145
-8.09017 5.87785
-9.13546 4.06737
-9.78148 2.07912
-10.0000 0.00000
-9.78148 -2.07912
-9.13545 -4.06737
-8.09017 -5.87785
-6.69131 -7.43145
-5.00000 -8.66025
-3.09017 -9.51057
-1.04528 -9.94522
1.04528 -9.94522
3.09017 -9.51056
5.00000 -8.66025
6.69131 -7.43145
8.09017 -5.87785
9.13546 -4.06737
9.78148 -2.07912
0.7
0.0 1 0 0
0 -11 0

10.0000 0.00000
9.78148 2.07912
9.13545 4.06737
8.09017 5.87785
6.69131 7.43145
5.00000 8.66025
3.09017 9.51057
1.04528 9.94522
-1.04529 9.94522
-3.09017 9.51056
-5.00000 8.66025
-6.69131 7.43145
-8.09017 5.87785
-9.13546 4.06737
-9.78148 2.07912
-10.0000 0.00000
-9.78148 -2.07912
-9.13545 -4.06737
-8.09017 -5.87785
-6.69131 -7.43145
-5.00000 -8.66025
-3.09017 -9.51057
-1.04528 -9.94522
1.04528 -9.94522
3.09017 -9.51056
5.00000 -8.66025
6.69131 -7.43145
8.09017 -5.87785
9.13546 -4.06737
9.78148 -2.07912
0.7
0.0 1 0 0
0 -9 0

10.0000 0.00000
9.78148 2.07912
9.13545 4.06737
8.09017 5.87785
6.69131 7.43145
5.00000 8.66025
3.09017 9.51057
1.04528 9.94522
-1.04529 9.94522
-3.09017 9.51056
-5.00000 8.66025
-6.69131 7.43145
-8.09017 5.87785
-9.13546 4.06737
-9.78148 2.07912
-10.0000 0.00000
-9.78148 -2.07912
-9.13545 -4.06737
-8.09017 -5.87785
-6.69131 -7.43145
-5.00000 -8.66025
-3.09017 -9.51057
-1.04528 -9.94522
1.04528 -9.94522
3.09017 -9.51056
5.00000 -8.66025
6.69131 -7.43145
8.09017 -5.87785
9.13546 -4.06737
9.78148 -2.07912
0.7
0.0 1 0 0
0 -7 0

10.0000 0.00000
9.78148 2.07912
9.13545 4.06737
8.09017 5.87785
6.69131 7.43145
5.00000 8.66025
3.09017 9.51057
1.04528 9.94522
-1.04529 9.94522
-3.09017 9.51056
-5.00000 8.66025
-6.69131 7.43145
-8.09017 5.87785
-9.13546 4.06737
-9.78148 2.07912
-10.0000 0.00000
-9.78148 -2.07912
-9.13545 -4.06737
-8.09017 -5.87785
-6.69131 -7.43145
-5.00000 -8.66025
-3.09017 -9.51057
-1.04528 -9.94522
1.04528 -9.94522
3.09017 -9.51056
5.00000 -8.66025
6.69131 -7.43145
8.09017 -5.87785
9.13546 -4.06737
9.78148 -2.07912
0.7
0.0 1 0 0
0 -5 0

10.0000 0.00000
9.78148 2.07912
9.13545 4.06737
8.09017 5.87785
6.69131 7.43145
5.00000 8.66025
3.09017 9.51057
1.04528 9.94522
-1.04529 9.94522
-3.09017 9.51056
-5.00000 8.66025
-6.69131 7.43145
-8.09017 5.87785
-9.13546 4.06737
-9.78148 2.07912
-10.0000 0.00000
-9.78148 -2.07912
-9.13545 -4.06737
-8.09017 -5.87785
-6.69131 -7.43145
-5.00000 -8.66025
-3.09017 -9.51057
-1.04528 -9.94522
1.04528 -9.94522
3.09017 -9.51056
5.00000 -8.66025
6.69131 -7.43145
8.09017 -5.87785
9.13546 -4.06737
9.78148 -2.07912
0.6
0.0 1 0 0
0 -3 0

10.0000 0.00000
9.78148 2.07912
9.13545 4.06737
8.09017 5.87785
6.69131 7.43145
5.00000 8.66025
3.09017 9.51057
1.04528 9.94522
-1.04529 9.94522
-3.09017 9.51056
-5.00000 8.66025
-6.69131 7.43145
-8.09017 5.87785
-9.13546 4.06737
-9.78148 2.07912
-10.0000 0.00000
-9.78148 -2.07912
-9.13545 -4.06737
-8.09017 -5.87785
-6.69131 -7.43145
-5.00000 -8.66025
-3.09017 -9.51057
-1.04528 -9.94522
1.04528 -9.94522
3.09017 -9.51056
5.00000 -8.66025
6.69131 -7.43145
8.09017 -5.87785
9.13546 -4.06737
9.78148 -2.07912
0.55
0.0 1 0 0
0 -1 0

10.0000 0.00000
9.78148 2.07912
9.13545 4.06737
8.09017 5.87785
6.69131 7.43145
5.00000 8.66025
3.09017 9.51057
1.04528 9.94522
-1.04529 9.94522
-3.09017 9.51056
-5.00000 8.66025
-6.69131 7.43145
-8.09017 5.87785
-9.13546 4.06737
-9.78148 2.07912
-10.0000 0.00000
-9.78148 -2.07912
-9.13545 -4.06737
-8.09017 -5.87785
-6.69131 -7.43145
-5.00000 -8.66025
-3.09017 -9.51057
-1.04528 -9.94522
1.04528 -9.94522
3.09017 -9.51056
5.00000 -8.66025
6.69131 -7.43145
8.09017 -5.87785
9.13546 -4.06737
9.78148 -2.07912
0.5
0.0 1 0 0
0 1 0

10.0000 0.00000
9.78148 2.07912
9.13545 4.06737
8.09017 5.87785
6.69131 7.43145
5.00000 8.66025
3.09017 9.51057
1.04528 9.94522
-1.04529 9.94522
-3.09017 9.51056
-5.00000 8.66025
-6.69131 7.43145
-8.09017 5.87785
-9.13546 4.06737
-9.78148 2.07912
-10.0000 0.00000
-9.78148 -2.07912
-9.13545 -4.06737
-8.09017 -5.87785
-6.69131 -7.43145
-5.00000 -8.66025
-3.09017 -9.51057
-1.04528 -9.94522
1.04528 -9.94522
3.09017 -9.51056
5.00000 -8.66025
6.69131 -7.43145
8.09017 -5.87785
9.13546 -4.06737
9.78148 -2.07912
0.45
0.0 1 0 0
0 3 0

10.0000 0.00000
9.78148 2.07912
9.13545 4.06737
8.09017 5.87785
6.69131 7.43145
5.00000 8.66025
3.09017 9.51057
1.04528 9.94522
-1.04529 9.94522
-3.09017 9.51056
-5.00000 8.66025
-6.69131 7.43145
-8.09017 5.87785
-9.13546 4.06737
-9.78148 2.07912
-10.0000 0.00000
-9.78148 -2.07912
-9.13545 -4.06737
-8.09017 -5.87785
-6.69131 -7.43145
-5.00000 -8.66025
-3.09017 -9.51057
-1.04528 -9.94522
1.04528 -9.94522
3.09017 -9.51056
5.00000 -8.66025
6.69131 -7.43145
8.09017 -5.87785
9.13546 -4.06737
9.78148 -2.07912
0.4
0.0 1 0 0
0 5 0

10.0000 0.00000
9.78148 2.07912
9.13545 4.06737
8.09017 5.87785
6.69131 7.43145
5.00000 8.66025
3.09017 9.51057
1.04528 9.94522
-1.04529 9.94522
-3.09017 9.51056
-5.00000 8.66025
-6.69131 7.43145
-8.09017 5.87785
-9.13546 4.06737
-9.78148 2.07912
-10.0000 0.00000
-9.78148 -2.07912
-9.13545 -4.06737
-8.09017 -5.87785
-6.69131 -7.43145
-5.00000 -8.66025
-3.09017 -9.51057
-1.04528 -9.94522
1.04528 -9.94522
3.09017 -9.51056
5.00000 -8.66025
6.69131 -7.43145
8.09017 -5.87785
9.13546 -4.06737
9.78148 -2.07912
0.35
0.0 1 0 0
0 7 0

10.0000 0.00000
9.78148 2.07912
9.13545 4.06737
8.09017 5.87785
6.69131 7.43145
5.00000 8.66025
3.09017 9.51057
1.04528 9.94522
-1.04529 9.94522
-3.09017 9.51056
-5.00000 8.66025
-6.69131 7.43145
-8.09017 5.87785
-9.13546 4.06737
-9.78148 2.07912
-10.0000 0.00000
-9.78148 -2.07912
-9.13545 -4.06737
-8.09017 -5.87785
-6.69131 -7.43145
-5.00000 -8.66025
-3.09017 -9.51057
-1.04528 -9.94522
1.04528 -9.94522
3.09017 -9.51056
5.00000 -8.66025
6.69131 -7.43145
8.09017 -5.87785
9.13546 -4.06737
9.78148 -2.07912
0.3
0.0 1 0 0
0 9 0

10.0000 0.00000
9.78148 2.07912
9.13545 4.06737
8.09017 5.87785
6.69131 7.43145
5.00000 8.66025
3.09017 9.51057
1.04528 9.94522
-1.04529 9.94522
-3.09017 9.51056
-5.00000 8.66025
-6.69131 7.43145
-8.09017 5.87785
-9.13546 4.06737
-9.78148 2.07912
-10.0000 0.00000
-9.78148 -2.07912
-9.13545 -4.06737
-8.09017 -5.87785
-6.69131 -7.43145
-5.00000 -8.66025
-3.09017 -9.51057
-1.04528 -9.94522
1.04528 -9.94522
3.09017 -9.51056
5.00000 -8.66025
6.69131 -7.43145
8.09017 -5.87785
9.13546 -4.06737
9.78148 -2.07912
0.3
0.0 1 0 0
0 9.5 0

10.0000 0.00000
9.78148 2.07912
9.13545 4.06737
8.09017 5.87785
6.69131 7.43145
5.00000 8.66025
3.09017 9.51057
1.04528 9.94522
-1.04529 9.94522
-3.09017 9.51056
-5.00000 8.66025
-6.69131 7.43145
-8.09017 5.87785
-9.13546 4.06737
-9.78148 2.07912
-10.0000 0.00000
-9.78148 -2.07912
-9.13545 -4.06737
-8.09017 -5.87785
-6.69131 -7.43145
-5.00000 -8.66025
-3.09017 -9.51057
-1.04528 -9.94522
1.04528 -9.94522
3.09017 -9.51056
5.00000 -8.66025
6.69131 -7.43145
8.09017 -5.87785
9.13546 -4.06737
9.78148 -2.07912
0.3
0.0 1 0 0
0 10 0

10.0000 0.00000
9.78148 2.07912
9.13545 4.06737
8.09017 5.87785
6.69131 7.43145
5.00000 8.66025
3.09017 9.51057
1.04528 9.94522
-1.04529 9.94522
-3.09017 9.51056
-5.00000 8.66025
-6.69131 7.43145
-8.09017 5.87785
-9.13546 4.06737
-9.78148 2.07912
-10.0000 0.00000
-9.78148 -2.07912
-9.13545 -4.06737
-8.09017 -5.87785
-6.69131 -7.43145
-5.00000 -8.66025
-3.09017 -9.51057
-1.04528 -9.94522
1.04528 -9.94522
3.09017 -9.51056
5.00000 -8.66025
6.69131 -7.43145
8.09017 -5.87785
9.13546 -4.06737
9.78148 -2.07912
0.3
0.0 1 0 0
0 10.5 0

10.0000 0.00000
9.78148 2.07912
9.13545 4.06737
8.09017 5.87785
6.69131 7.43145
5.00000 8.66025
3.09017 9.51057
1.04528 9.94522
-1.04529 9.94522
-3.09017 9.51056
-5.00000 8.66025
-6.69131 7.43145
-8.09017 5.87785
-9.13546 4.06737
-9.78148 2.07912
-10.0000 0.00000
-9.78148 -2.07912
-9.13545 -4.06737
-8.09017 -5.87785
-6.69131 -7.43145
-5.00000 -8.66025
-3.09017 -9.51057
-1.04528 -9.94522
1.04528 -9.94522
3.09017 -9.51056
5.00000 -8.66025
6.69131 -7.43145
8.09017 -5.87785
9.13546 -4.06737
9.78148 -2.07912
0.3
0.0 1 0 0
0 11 0

10.0000 0.00000
9.78148 2.07912
9.13545 4.06737
8.09017 5.87785
6.69131 7.43145
5.00000 8.66025
3.09017 9.51057
1.04528 9.94522
-1.04529 9.94522
-3.09017 9.51056
-5.00000 8.66025
-6.69131 7.43145
-8.09017 5.87785
-9.13546 4.06737
-9.78148 2.07912
-10.0000 0.00000
-9.78148 -2.07912
-9.13545 -4.06737
-8.09017 -5.87785
-6.69131 -7.43145
-5.00000 -8.66025
-3.09017 -9.51057
-1.04528 -9.94522
1.04528 -9.94522
3.09017 -9.51056
5.00000 -8.66025
6.69131 -7.43145
8.09017 -5.87785
9.13546 -4.06737
9.78148 -2.07912
0.15
0.0 1 0 0
0 11 0

10.0000 0.00000
9.78148 2.07912
9.13545 4.06737
8.09017 5.87785
6.69131 7.43145
5.00000 8.66025
3.09017 9.51057
1.04528 9.94522
-1.04529 9.94522
-3.09017 9.51056
-5.00000 8.66025
-6.69131 7.43145
-8.09017 5.87785
-9.13546 4.06737
-9.78148 2.07912
-10.0000 0.00000
-9.78148 -2.07912
-9.13545 -4.06737
-8.09017 -5.87785
-6.69131 -7.43145
-5.00000 -8.66025
-3.09017 -9.51057
-1.04528 -9.94522
1.04528 -9.94522
3.09017 -9.51056
5.00000 -8.66025
6.69131 -7.43145
8.09017 -5.87785
9.13546 -4.06737
9.78148 -2.07912
0.04
0.0 1 0 0
0 11 0

10.0000 0.00000
9.78148 2.07912
9.13545 4.06737
8.09017 5.87785
6.69131 7.43145
5.00000 8.66025
3.09017 9.51057
1.04528 9.94522
-1.04529 9.94522
-3.09017 9.51056
-5.00000 8.66025
-6.69131 7.43145
-8.09017 5.87785
-9.13546 4.06737
-9.78148 2.07912
-10.0000 0.00000
-9.78148 -2.07912
-9.13545 -4.06737
-8.09017 -5.87785
-6.69131 -7.43145
-5.00000 -8.66025
-3.09017 -9.51057
-1.04528 -9.94522
1.04528 -9.94522
3.09017 -9.51056
5.00000 -8.66025
6.69131 -7.43145
8.09017 -5.87785
9.13546 -4.06737
9.78148 -2.07912
0.04
0.0 1 0 0
0 13 0

10.0000 0.00000
9.78148 2.07912
9.13545 4.06737
8.09017 5.87785
6.69131 7.43145
5.00000 8.66025
3.09017 9.51057
1.04528 9.94522
-1.04529 9.94522
-3.09017 9.51056
-5.00000 8.66025
-6.69131 7.43145
-8.09017 5.87785
-9.13546 4.06737
-9.78148 2.07912
-10.0000 0.00000
-9.78148 -2.07912
-9.13545 -4.06737
-8.09017 -5.87785
-6.69131 -7.43145
-5.00000 -8.66025
-3.09017 -9.51057
-1.04528 -9.94522
1.04528 -9.94522
3.09017 -9.51056
5.00000 -8.66025
6.69131 -7.43145
8.09017 -5.87785
9.13546 -4.06737
9.78148 -2.07912
0.04
0.0 1 0 0
0 15 0

10.0000 0.00000
9.78148 2.07912
9.13545 4.06737
8.09017 5.87785
6.69131 7.43145
5.00000 8.66025
3.09017 9.51057
1.04528 9.94522
-1.04529 9.94522
-3.09017 9.51056
-5.00000 8.66025
-6.69131 7.43145
-8.09017 5.87785
-9.13546 4.06737
-9.78148 2.07912
-10.0000 0.00000
-9.78148 -2.07912
-9.13545 -4.06737
-8.09017 -5.87785
-6.69131 -7.43145
-5.00000 -8.66025
-3.09017 -9.51057
-1.04528 -9.94522
1.04528 -9.94522
3.09017 -9.51056
5.00000 -8.66025
6.69131 -7.43145
8.09017 -5.87785
9.13546 -4.06737
9.78148 -2.07912
0.04
0.0 1 0 0
0 17 0

10.0000 0.00000
9.78148 2.07912
9.13545 4.06737
8.09017 5.87785
6.69131 7.43145
5.00000 8.66025
3.09017 9.51057
1.04528 9.94522
-1.04529 9.94522
-3.09017 9.51056
-5.00000 8.66025
-6.69131 7.43145
-8.09017 5.87785
-9.13546 4.06737
-9.78148 2.07912
-10.0000 0.00000
-9.78148 -2.07912
-9.13545 -4.06737
-8.09017 -5.87785
-6.69131 -7.43145
-5.00000 -8.66025
-3.09017 -9.51057
-1.04528 -9.94522
1.04528 -9.94522
3.09017 -9.51056
5.00000 -8.66025
6.69131 -7.43145
8.09017 -5.87785
9.13546 -4.06737
9.78148 -2.07912
0.04
0.0 1 0 0
0 19 0


10.0000 0.00000
9.78148 2.07912
9.13545 4.06737
8.09017 5.87785
6.69131 7.43145
5.00000 8.66025
3.09017 9.51057
1.04528 9.94522
-1.04529 9.94522
-3.09017 9.51056
-5.00000 8.66025
-6.69131 7.43145
-8.09017 5.87785
-9.13546 4.06737
-9.78148 2.07912
-10.0000 0.00000
-9.78148 -2.07912
-9.13545 -4.06737
-8.09017 -5.87785
-6.69131 -7.43145
-5.00000 -8.66025
-3.09017 -9.51057
-1.04528 -9.94522
1.04528 -9.94522
3.09017 -9.51056
5.00000 -8.66025
6.69131 -7.43145
8.09017 -5.87785
9.13546 -4.06737
9.78148 -2.07912
0.04
0.0 1 0 0
0 21 0